60 4 0 
1 4 3 9 6 
2 26 29 33 34 
3 16 37 13 14 
4 1 29 33 30 
5 3 9 6 7 
6 4 12 16 6 
7 21 22 15 17 
8 19 15 35 17 
9 15 38 13 35 
10 22 15 17 20 
11 1 31 33 34 
12 19 21 15 17 
13 15 10 17 20 
14 4 9 12 6 
15 38 16 13 14 
16 23 39 18 25 
17 21 19 15 18 
18 24 43 28 39 
19 15 38 35 10 
20 35 15 10 17 
21 23 28 39 25 
22 22 21 15 18 
23 15 38 16 13 
24 24 28 44 39 
25 29 1 33 34 
26 3 5 9 7 
27 36 13 14 35 
28 13 38 14 35 
29 3 4 9 11 
30 5 3 9 11 
31 43 23 28 39 
32 4 9 11 10 
33 9 4 12 10 
34 12 4 16 10 
35 4 38 16 10 
36 32 1 33 2 
37 15 12 16 10 
38 38 15 16 10 
39 29 26 33 30 
40 1 31 32 33 
41 43 24 28 42 
42 28 24 40 42 
43 23 43 28 42 
44 23 28 26 42 
45 27 23 26 42 
46 26 27 42 34 
47 27 26 33 34 
48 28 26 42 34 
49 26 28 29 34 
50 15 12 10 20 
51 28 23 26 25 
52 33 1 30 2 
53 21 23 19 18 
54 43 23 39 18 
55 23 43 19 18 
56 21 23 18 25 
57 22 21 18 25 
58 6 3 7 8 
59 24 28 40 41 
60 28 24 44 41 
# Generated by tetgen -p TendederoEnvolvente.stl 