44 3 0 0 
1 38,064250000000001 48,162950000000002 67,427090000000007
2 38,064250000000001 48,162950000000002 67,897930000000002
3 37,458680000000001 58,994549999999997 67,427090000000007
4 37,458680000000001 57,724420000000002 67,427090000000007
5 37,458680000000001 58,994549999999997 67,897930000000002
6 38,064250000000001 57,724420000000002 67,427090000000007
7 38,064250000000001 58,994549999999997 67,897930000000002
8 38,064250000000001 58,994549999999997 67,427090000000007
9 38,064250000000001 57,724420000000002 67,897930000000002
10 37,458680000000001 56,199219999999997 67,897930000000002
11 37,458680000000001 57,724420000000002 67,897930000000002
12 38,064250000000001 56,199219999999997 67,897930000000002
13 38,064250000000001 54,231459999999998 66,191209999999998
14 37,458680000000001 56,199219999999997 66,191209999999998
15 38,064250000000001 54,231459999999998 67,427090000000007
16 38,064250000000001 56,199219999999997 67,427090000000007
17 37,458680000000001 54,231459999999998 67,897930000000002
18 38,064250000000001 53,424840000000003 67,427090000000007
19 37,458680000000001 53,424840000000003 67,427090000000007
20 38,064250000000001 54,231459999999998 67,897930000000002
21 37,458680000000001 53,424840000000003 67,897930000000002
22 38,064250000000001 53,424840000000003 67,897930000000002
23 37,458680000000001 52,628819999999997 67,897930000000002
24 37,458680000000001 52,628819999999997 66,191209999999998
25 38,064250000000001 52,628819999999997 67,897930000000002
26 38,064250000000001 50,656970000000001 67,897930000000002
27 37,458680000000001 50,656970000000001 67,897930000000002
28 38,064250000000001 50,656970000000001 67,427090000000007
29 38,064250000000001 49,445630000000001 67,427090000000007
30 38,064250000000001 49,445630000000001 67,897930000000002
31 37,458680000000001 48,162950000000002 67,427090000000007
32 37,458680000000001 48,162950000000002 67,897930000000002
33 37,458680000000001 49,445630000000001 67,897930000000002
34 37,458680000000001 49,445630000000001 67,427090000000007
35 37,458680000000001 54,231459999999998 67,427090000000007
36 37,458680000000001 54,231459999999998 66,191209999999998
37 38,064250000000001 56,199219999999997 66,191209999999998
38 37,458680000000001 56,199219999999997 67,427090000000007
39 38,064250000000001 52,628819999999997 67,427090000000007
40 37,458680000000001 50,656970000000001 66,191209999999998
41 38,064250000000001 50,656970000000001 66,191209999999998
42 37,458680000000001 50,656970000000001 67,427090000000007
43 37,458680000000001 52,628819999999997 67,427090000000007
44 38,064250000000001 52,628819999999997 66,191209999999998
# Generated by tetgen -p TendederoEnvolvente.stl 