32 3 0 0 
1 -1,6058840000000001 21,431349999999998 62,315820000000002 
2 2,3141379999999998 25,145779999999998 62,315820000000002 
3 2,3141379999999998 21,431349999999998 62,315820000000002 
4 -5,0409050000000004 29,331420000000001 62,315820000000002 
5 2,3141379999999998 29,331420000000001 62,315820000000002 
6 -1,6058840000000001 29,331420000000001 62,315820000000002 
7 2,3141379999999998 33,063870000000001 63,418579999999999 
8 5,514996 29,331420000000001 63,418579999999999 
9 2,3141379999999998 29,331420000000001 63,418579999999999 
10 2,3141379999999998 21,431349999999998 63,418579999999999 
11 -1,6058840000000001 21,431349999999998 63,418579999999999 
12 5,514996 21,431349999999998 62,315820000000002 
13 5,514996 21,431349999999998 63,418579999999999 
14 5,514996 29,331420000000001 62,315820000000002 
15 5,514996 33,063870000000001 62,315820000000002 
16 2,3141379999999998 33,063870000000001 62,315820000000002 
17 5,514996 33,063870000000001 63,418579999999999 
18 -5,0409050000000004 33,063870000000001 62,315820000000002 
19 -1,6058840000000001 33,063870000000001 63,418579999999999 
20 -1,6058840000000001 33,063870000000001 62,315820000000002 
21 -5,0409050000000004 29,331420000000001 63,418579999999999 
22 -5,0409050000000004 33,063870000000001 63,418579999999999 
23 -5,0409050000000004 25,145779999999998 62,315820000000002 
24 -1,6058840000000001 25,145779999999998 62,315820000000002 
25 5,514996 25,145779999999998 62,315820000000002 
26 -1,6058840000000001 25,145779999999998 63,418579999999999 
27 -1,6058840000000001 29,331420000000001 63,418579999999999 
28 2,3141379999999998 25,145779999999998 63,418579999999999 
29 5,514996 25,145779999999998 63,418579999999999 
30 -5,0409050000000004 21,431349999999998 63,418579999999999 
31 -5,0409050000000004 25,145779999999998 63,418579999999999 
32 -5,0409050000000004 21,431349999999998 62,315820000000002 
# Generated by tetgen -p colchoneta_envolvente3.stl 