54 4 0 
1 28 26 9 2 
2 26 24 23 4 
3 8 5 14 2 
4 5 20 19 7 
5 31 26 1 23 
6 21 27 26 4 
7 10 13 2 29 
8 13 3 2 12 
9 32 1 23 30 
10 15 8 5 14 
11 5 15 7 17 
12 28 10 2 29 
13 27 26 4 6 
14 14 8 2 25 
15 1 26 24 23 
16 8 28 2 29 
17 11 26 10 1 
18 3 10 2 1 
19 31 26 11 1 
20 10 13 3 2 
21 8 2 25 29 
22 8 28 9 2 
23 8 9 5 2 
24 26 24 4 6 
25 26 27 9 2 
26 9 27 5 2 
27 27 5 2 6 
28 10 26 28 1 
29 28 26 2 1 
30 10 28 2 1 
31 8 5 7 17 
32 2 25 29 12 
33 13 2 29 12 
34 26 2 1 24 
35 31 26 23 4 
36 31 21 26 4 
37 26 2 24 6 
38 26 27 2 6 
39 1 31 23 30 
40 11 31 1 30 
41 27 9 5 7 
42 5 15 16 7 
43 5 16 20 7 
44 8 15 5 17 
45 4 18 22 19 
46 18 4 20 19 
47 21 27 4 19 
48 21 4 22 19 
49 27 5 6 19 
50 6 5 20 19 
51 4 27 6 19 
52 4 6 20 19 
53 27 5 19 7 
54 9 8 5 7 
# Generated by tetgen -p colchoneta_envolvente_2.stl 