32 3 0 0 
1 21,76239 22,511199999999999 44,559080000000002 
2 25,682410000000001 26,225619999999999 44,559080000000002 
3 25,682410000000001 22,511199999999999 44,559080000000002 
4 18,327369999999998 30,411259999999999 44,559080000000002 
5 25,682410000000001 30,411259999999999 44,559080000000002 
6 21,76239 30,411259999999999 44,559080000000002 
7 25,682410000000001 34,143709999999999 45,661839999999998 
8 28,88327 30,411259999999999 45,661839999999998 
9 25,682410000000001 30,411259999999999 45,661839999999998 
10 25,682410000000001 22,511199999999999 45,661839999999998
11 21,76239 22,511199999999999 45,661839999999998 
12 28,88327 22,511199999999999 44,559080000000002 
13 28,88327 22,511199999999999 45,661839999999998 
14 28,88327 30,411259999999999 44,559080000000002 
15 28,88327 34,143709999999999 44,559080000000002 
16 25,682410000000001 34,143709999999999 44,559080000000002 
17 28,88327 34,143709999999999 45,661839999999998 
18 18,327369999999998 34,143709999999999 44,559080000000002 
19 21,76239 34,143709999999999 45,661839999999998 
20 21,76239 34,143709999999999 44,559080000000002 
21 18,327369999999998 30,411259999999999 45,661839999999998 
22 18,327369999999998 34,143709999999999 45,661839999999998 
23 18,327369999999998 26,225619999999999 44,559080000000002 
24 21,76239 26,225619999999999 44,559080000000002 
25 28,88327 26,225619999999999 44,559080000000002 
26 21,76239 26,225619999999999 45,661839999999998 
27 21,76239 30,411259999999999 45,661839999999998 
28 25,682410000000001 26,225619999999999 45,661839999999998 
29 28,88327 26,225619999999999 45,661839999999998 
30 18,327369999999998 22,511199999999999 45,661839999999998 
31 18,327369999999998 26,225619999999999 45,661839999999998 
32 18,327369999999998 22,511199999999999 44,559080000000002 
# Generated by tetgen -p colchoneta_envolvente_2.stl 