71 4 0 
1 17 20 35 28 
2 17 27 25 6 
3 4 2 6 1 
4 25 36 35 26 
5 18 8 5 2 
6 23 35 34 24 
7 35 23 22 24 
8 34 35 26 24 
9 20 32 31 11 
10 35 25 26 24 
11 17 35 37 28 
12 2 16 3 14 
13 23 22 24 4 
14 18 27 7 6 
15 17 25 35 24 
16 17 35 22 24 
17 2 5 6 1 
18 10 12 2 21 
19 9 10 2 7 
20 18 8 2 7 
21 20 30 35 28 
22 15 2 3 14 
23 27 17 7 6 
24 31 20 11 19 
25 2 18 7 6 
26 27 17 25 35 
27 17 27 36 35 
28 36 27 25 35 
29 31 30 29 35 
30 31 20 30 35 
31 32 20 31 35 
32 32 31 29 35 
33 21 31 11 19 
34 17 25 4 6 
35 36 17 35 37 
36 8 9 2 7 
37 12 2 21 11 
38 2 16 11 13 
39 12 2 11 13 
40 2 21 11 19 
41 2 10 21 19 
42 10 2 7 19 
43 35 38 23 34 
44 16 2 11 14 
45 5 18 2 6 
46 15 2 4 1 
47 33 29 35 22 
48 29 32 35 22 
49 38 33 35 22 
50 38 35 23 22 
51 15 2 1 3 
52 20 32 11 22 
53 17 20 7 22 
54 20 17 35 22 
55 32 20 35 22 
56 2 7 4 6 
57 7 17 4 6 
58 17 25 24 4 
59 7 17 22 4 
60 22 17 24 4 
61 2 15 4 14 
62 22 7 4 14 
63 23 22 4 14 
64 15 23 4 14 
65 7 2 4 14 
66 2 7 19 14 
67 11 2 19 14 
68 20 7 22 14 
69 7 20 19 14 
70 11 20 22 14 
71 20 11 19 14 
# Generated by tetgen -p saco_envolvente.stl 