38 3 0 0 
1 74,795180000000002 26,048580000000001 39,399619999999999 
2 73,732190000000003 25,66169 39,244529999999997 
3 74,795180000000002 25,274789999999999 39,399619999999999 
4 74,795180000000002 26,048580000000001 41,768389999999997 
5 74,297799999999995 26,64134 39,399619999999999 
6 74,297799999999995 26,64134 41,768389999999997 
7 72,865639999999999 26,388809999999999 41,768389999999997 
8 73,535759999999996 26,77571 39,399619999999999 
9 72,865639999999999 26,388809999999999 39,399619999999999 
10 72,600989999999996 25,66169 39,399619999999999 
11 73,535759999999996 24,54767 41,768389999999997 
12 72,865639999999999 24,934560000000001 39,399619999999999 
13 73,535759999999996 24,54767 39,399619999999999 
14 74,297799999999995 24,682040000000001 41,768389999999997 
15 74,795180000000002 25,274789999999999 41,768389999999997 
16 74,297799999999995 24,682040000000001 39,399619999999999 
17 72,865639999999999 26,388809999999999 44,737839999999998 
18 73,535759999999996 26,77571 41,768389999999997 
19 72,600989999999996 25,66169 41,768389999999997 
20 72,600989999999996 25,66169 44,737839999999998 
21 72,865639999999999 24,934560000000001 41,768389999999997 
22 74,297799999999995 24,682040000000001 44,737839999999998 
23 74,795180000000002 25,274789999999999 44,737839999999998 
24 74,795180000000002 26,048580000000001 44,737839999999998 
25 74,297799999999995 26,64134 44,737839999999998 
26 74,297799999999995 26,64134 46,93638 
27 73,535759999999996 26,77571 44,737839999999998 
28 72,600989999999996 25,66169 46,93638 
29 73,535759999999996 24,54767 46,93638 
30 72,865639999999999 24,934560000000001 46,93638 
31 72,865639999999999 24,934560000000001 44,737839999999998 
32 73,535759999999996 24,54767 44,737839999999998 
33 74,297799999999995 24,682040000000001 46,93638 
34 74,795180000000002 26,048580000000001 46,93638 
35 73,732190000000003 25,66169 47,165950000000002 
36 73,535759999999996 26,77571 46,93638 
37 72,865639999999999 26,388809999999999 46,93638 
38 74,795180000000002 25,274789999999999 46,93638 
# Generated by tetgen -p saco_envolvente.stl 